=================================================================
Layer (type:depth-idx)                   Param #
=================================================================
VAE                                      --
├─Encoder: 1-1                           --
│    └─Linear: 2-1                       31,400
│    └─Linear: 2-2                       1,640
├─Decoder: 1-2                           --
│    └─Linear: 2-3                       1,640
│    └─Linear: 2-4                       32,144
=================================================================
Total params: 66,824
Trainable params: 66,824
Non-trainable params: 0
=================================================================
[Epoch   1 (18.39s)]	ELBO: 741.008 (943.098)	Log prob: 760.925 (965.475)	KLD: 19.918 (22.377)
[Epoch   2 (23.33s)]	ELBO: 971.981 (1016.100)	Log prob: 997.335 (1043.002)	KLD: 25.354 (26.903)
[Epoch   3 (22.42s)]	ELBO: 1043.933 (1067.606)	Log prob: 1071.771 (1095.305)	KLD: 27.838 (27.699)
[Epoch   4 (25.00s)]	ELBO: 1068.006 (1079.678)	Log prob: 1094.821 (1105.877)	KLD: 26.815 (26.199)
[Epoch   5 (27.36s)]	ELBO: 1087.441 (1105.560)	Log prob: 1114.007 (1131.790)	KLD: 26.566 (26.229)
[Epoch   6 (21.60s)]	ELBO: 1103.407 (1114.190)	Log prob: 1129.445 (1139.326)	KLD: 26.039 (25.136)
[Epoch   7 (20.59s)]	ELBO: 1111.426 (1121.066)	Log prob: 1136.872 (1145.815)	KLD: 25.445 (24.749)
[Epoch   8 (21.87s)]	ELBO: 1119.123 (1128.216)	Log prob: 1144.422 (1153.473)	KLD: 25.300 (25.257)
[Epoch   9 (21.90s)]	ELBO: 1125.740 (1131.555)	Log prob: 1151.012 (1156.334)	KLD: 25.271 (24.779)
[Epoch  10 (19.37s)]	ELBO: 1130.659 (1137.216)	Log prob: 1155.668 (1161.607)	KLD: 25.009 (24.391)
[Epoch  11 (17.91s)]	ELBO: 1134.928 (1141.258)	Log prob: 1159.571 (1165.531)	KLD: 24.643 (24.274)
[Epoch  12 (16.78s)]	ELBO: 1138.693 (1145.158)	Log prob: 1163.079 (1168.858)	KLD: 24.386 (23.700)
[Epoch  13 (17.55s)]	ELBO: 1142.792 (1146.789)	Log prob: 1166.885 (1170.388)	KLD: 24.093 (23.599)
[Epoch  14 (17.06s)]	ELBO: 1145.620 (1151.141)	Log prob: 1169.560 (1174.816)	KLD: 23.941 (23.675)
[Epoch  15 (17.30s)]	ELBO: 1148.459 (1151.503)	Log prob: 1172.242 (1174.776)	KLD: 23.783 (23.273)
[Epoch  16 (17.26s)]	ELBO: 1150.673 (1154.451)	Log prob: 1174.248 (1177.721)	KLD: 23.575 (23.270)
[Epoch  17 (15.57s)]	ELBO: 1152.817 (1157.983)	Log prob: 1176.271 (1180.857)	KLD: 23.454 (22.874)
[Epoch  18 (14.61s)]	ELBO: 1155.210 (1160.210)	Log prob: 1178.498 (1183.139)	KLD: 23.288 (22.929)
[Epoch  19 (14.36s)]	ELBO: 1157.505 (1160.395)	Log prob: 1180.687 (1183.414)	KLD: 23.182 (23.020)
[Epoch  20 (13.49s)]	ELBO: 1158.895 (1163.329)	Log prob: 1182.023 (1186.172)	KLD: 23.128 (22.843)
[Epoch  21 (13.43s)]	ELBO: 1160.117 (1164.071)	Log prob: 1183.147 (1186.776)	KLD: 23.031 (22.705)
[Epoch  22 (13.61s)]	ELBO: 1161.682 (1165.729)	Log prob: 1184.616 (1188.626)	KLD: 22.935 (22.896)
[Epoch  23 (13.31s)]	ELBO: 1162.952 (1166.707)	Log prob: 1185.897 (1189.190)	KLD: 22.945 (22.483)
[Epoch  24 (12.83s)]	ELBO: 1163.959 (1167.299)	Log prob: 1186.902 (1190.074)	KLD: 22.943 (22.775)
[Epoch  25 (13.05s)]	ELBO: 1165.057 (1168.367)	Log prob: 1188.024 (1191.099)	KLD: 22.966 (22.732)
[Epoch  26 (13.73s)]	ELBO: 1165.966 (1168.578)	Log prob: 1188.850 (1191.227)	KLD: 22.884 (22.649)
[Epoch  27 (12.77s)]	ELBO: 1166.645 (1170.362)	Log prob: 1189.477 (1192.885)	KLD: 22.832 (22.523)
[Epoch  28 (11.92s)]	ELBO: 1167.644 (1171.059)	Log prob: 1190.536 (1193.624)	KLD: 22.892 (22.565)
[Epoch  29 (12.51s)]	ELBO: 1168.405 (1172.419)	Log prob: 1191.256 (1194.727)	KLD: 22.851 (22.308)
[Epoch  30 (11.90s)]	ELBO: 1169.520 (1172.510)	Log prob: 1192.314 (1195.217)	KLD: 22.794 (22.707)
[Epoch  31 (11.85s)]	ELBO: 1170.366 (1173.183)	Log prob: 1193.186 (1195.778)	KLD: 22.820 (22.595)
[Epoch  32 (12.17s)]	ELBO: 1171.283 (1174.096)	Log prob: 1194.089 (1196.765)	KLD: 22.806 (22.670)
[Epoch  33 (11.58s)]	ELBO: 1171.868 (1175.113)	Log prob: 1194.687 (1197.705)	KLD: 22.819 (22.592)
[Epoch  34 (11.96s)]	ELBO: 1172.692 (1175.798)	Log prob: 1195.482 (1198.300)	KLD: 22.790 (22.502)
[Epoch  35 (12.05s)]	ELBO: 1173.215 (1175.074)	Log prob: 1196.033 (1198.039)	KLD: 22.819 (22.965)
[Epoch  36 (12.08s)]	ELBO: 1173.747 (1176.605)	Log prob: 1196.570 (1199.182)	KLD: 22.824 (22.577)
[Epoch  37 (12.89s)]	ELBO: 1174.370 (1177.468)	Log prob: 1197.182 (1200.086)	KLD: 22.812 (22.618)
[Epoch  38 (12.53s)]	ELBO: 1174.757 (1178.044)	Log prob: 1197.531 (1200.780)	KLD: 22.774 (22.735)
[Epoch  39 (13.70s)]	ELBO: 1175.317 (1178.006)	Log prob: 1198.088 (1200.725)	KLD: 22.771 (22.719)
[Epoch  40 (13.13s)]	ELBO: 1175.757 (1178.916)	Log prob: 1198.509 (1201.381)	KLD: 22.752 (22.465)
[Epoch  41 (13.18s)]	ELBO: 1176.153 (1178.822)	Log prob: 1198.906 (1201.258)	KLD: 22.754 (22.436)
[Epoch  42 (13.88s)]	ELBO: 1176.652 (1178.500)	Log prob: 1199.383 (1201.099)	KLD: 22.731 (22.599)
[Epoch  43 (14.00s)]	ELBO: 1176.727 (1179.330)	Log prob: 1199.490 (1201.945)	KLD: 22.763 (22.615)
[Epoch  44 (15.36s)]	ELBO: 1177.204 (1180.220)	Log prob: 1199.933 (1202.820)	KLD: 22.729 (22.601)
[Epoch  45 (13.75s)]	ELBO: 1177.852 (1179.735)	Log prob: 1200.588 (1202.201)	KLD: 22.736 (22.466)
[Epoch  46 (13.85s)]	ELBO: 1177.836 (1179.686)	Log prob: 1200.569 (1202.492)	KLD: 22.733 (22.806)
[Epoch  47 (14.27s)]	ELBO: 1178.410 (1181.271)	Log prob: 1201.156 (1203.737)	KLD: 22.746 (22.466)
[Epoch  48 (13.85s)]	ELBO: 1178.482 (1180.666)	Log prob: 1201.200 (1203.098)	KLD: 22.718 (22.431)
[Epoch  49 (13.41s)]	ELBO: 1178.991 (1180.957)	Log prob: 1201.666 (1203.399)	KLD: 22.675 (22.442)
[Epoch  50 (13.16s)]	ELBO: 1179.296 (1180.256)	Log prob: 1201.986 (1202.747)	KLD: 22.690 (22.491)
[Epoch  51 (12.48s)]	ELBO: 1179.520 (1181.409)	Log prob: 1202.231 (1203.857)	KLD: 22.711 (22.448)
[Epoch  52 (12.64s)]	ELBO: 1179.705 (1182.614)	Log prob: 1202.397 (1205.310)	KLD: 22.693 (22.696)
[Epoch  53 (12.50s)]	ELBO: 1180.072 (1182.462)	Log prob: 1202.790 (1204.999)	KLD: 22.718 (22.536)
[Epoch  54 (13.30s)]	ELBO: 1180.154 (1182.906)	Log prob: 1202.896 (1205.563)	KLD: 22.742 (22.657)
[Epoch  55 (12.59s)]	ELBO: 1180.550 (1182.799)	Log prob: 1203.217 (1205.244)	KLD: 22.667 (22.445)
[Epoch  56 (12.95s)]	ELBO: 1180.847 (1183.153)	Log prob: 1203.566 (1205.853)	KLD: 22.719 (22.699)
[Epoch  57 (12.48s)]	ELBO: 1181.123 (1182.658)	Log prob: 1203.791 (1205.275)	KLD: 22.668 (22.617)
[Epoch  58 (12.51s)]	ELBO: 1181.309 (1182.509)	Log prob: 1204.023 (1205.225)	KLD: 22.713 (22.717)
[Epoch  59 (12.40s)]	ELBO: 1181.345 (1182.954)	Log prob: 1204.063 (1205.409)	KLD: 22.717 (22.456)
[Epoch  60 (13.59s)]	ELBO: 1181.632 (1184.059)	Log prob: 1204.336 (1206.646)	KLD: 22.704 (22.587)
[Epoch  61 (13.41s)]	ELBO: 1182.016 (1184.143)	Log prob: 1204.742 (1206.539)	KLD: 22.725 (22.397)
[Epoch  62 (13.14s)]	ELBO: 1181.837 (1183.606)	Log prob: 1204.555 (1206.175)	KLD: 22.719 (22.569)
[Epoch  63 (12.90s)]	ELBO: 1182.419 (1184.561)	Log prob: 1205.121 (1207.065)	KLD: 22.702 (22.505)
[Epoch  64 (13.27s)]	ELBO: 1182.490 (1184.255)	Log prob: 1205.224 (1206.879)	KLD: 22.733 (22.624)
[Epoch  65 (13.29s)]	ELBO: 1182.649 (1184.699)	Log prob: 1205.385 (1207.310)	KLD: 22.736 (22.611)
[Epoch  66 (13.07s)]	ELBO: 1182.577 (1185.076)	Log prob: 1205.362 (1207.743)	KLD: 22.785 (22.667)
[Epoch  67 (12.76s)]	ELBO: 1182.918 (1184.642)	Log prob: 1205.680 (1207.306)	KLD: 22.762 (22.664)
[Epoch  68 (13.36s)]	ELBO: 1183.016 (1185.990)	Log prob: 1205.813 (1208.593)	KLD: 22.797 (22.603)
[Epoch  69 (13.14s)]	ELBO: 1183.331 (1186.683)	Log prob: 1206.087 (1209.137)	KLD: 22.756 (22.454)
[Epoch  70 (12.81s)]	ELBO: 1183.602 (1186.397)	Log prob: 1206.371 (1209.061)	KLD: 22.769 (22.665)
[Epoch  71 (13.23s)]	ELBO: 1183.783 (1186.325)	Log prob: 1206.595 (1208.951)	KLD: 22.812 (22.626)
[Epoch  72 (14.93s)]	ELBO: 1184.117 (1186.558)	Log prob: 1206.997 (1209.163)	KLD: 22.880 (22.605)
[Epoch  73 (14.48s)]	ELBO: 1184.183 (1187.241)	Log prob: 1207.020 (1209.893)	KLD: 22.837 (22.652)
[Epoch  74 (13.20s)]	ELBO: 1184.343 (1186.771)	Log prob: 1207.182 (1209.395)	KLD: 22.839 (22.624)
[Epoch  75 (13.51s)]	ELBO: 1184.744 (1185.717)	Log prob: 1207.608 (1208.500)	KLD: 22.864 (22.783)
[Epoch  76 (13.42s)]	ELBO: 1184.690 (1185.823)	Log prob: 1207.565 (1208.530)	KLD: 22.875 (22.707)
[Epoch  77 (13.73s)]	ELBO: 1185.041 (1186.869)	Log prob: 1207.941 (1209.810)	KLD: 22.901 (22.941)
[Epoch  78 (13.53s)]	ELBO: 1185.150 (1187.159)	Log prob: 1208.113 (1209.884)	KLD: 22.963 (22.725)
[Epoch  79 (14.95s)]	ELBO: 1185.443 (1187.817)	Log prob: 1208.362 (1210.596)	KLD: 22.919 (22.779)
[Epoch  80 (13.84s)]	ELBO: 1185.499 (1187.887)	Log prob: 1208.421 (1210.845)	KLD: 22.922 (22.958)
[Epoch  81 (13.81s)]	ELBO: 1185.774 (1188.351)	Log prob: 1208.731 (1211.206)	KLD: 22.957 (22.855)
[Epoch  82 (13.71s)]	ELBO: 1186.027 (1188.877)	Log prob: 1209.027 (1211.592)	KLD: 23.000 (22.716)
[Epoch  83 (13.88s)]	ELBO: 1186.074 (1188.422)	Log prob: 1209.046 (1211.287)	KLD: 22.972 (22.865)
[Epoch  84 (14.05s)]	ELBO: 1186.304 (1188.531)	Log prob: 1209.351 (1211.550)	KLD: 23.047 (23.019)
[Epoch  85 (14.41s)]	ELBO: 1186.495 (1189.304)	Log prob: 1209.529 (1212.010)	KLD: 23.034 (22.707)
[Epoch  86 (13.81s)]	ELBO: 1186.580 (1188.824)	Log prob: 1209.612 (1211.372)	KLD: 23.032 (22.548)
[Epoch  87 (13.98s)]	ELBO: 1186.738 (1187.108)	Log prob: 1209.793 (1210.077)	KLD: 23.055 (22.968)
[Epoch  88 (13.36s)]	ELBO: 1186.868 (1188.655)	Log prob: 1209.950 (1211.462)	KLD: 23.082 (22.807)
[Epoch  89 (13.73s)]	ELBO: 1187.097 (1189.002)	Log prob: 1210.174 (1211.965)	KLD: 23.077 (22.963)
[Epoch  90 (13.45s)]	ELBO: 1187.202 (1189.283)	Log prob: 1210.328 (1212.310)	KLD: 23.126 (23.027)
[Epoch  91 (13.51s)]	ELBO: 1187.257 (1189.672)	Log prob: 1210.316 (1212.689)	KLD: 23.060 (23.017)
[Epoch  92 (13.29s)]	ELBO: 1187.449 (1190.013)	Log prob: 1210.556 (1212.901)	KLD: 23.108 (22.888)
[Epoch  93 (15.04s)]	ELBO: 1187.658 (1190.222)	Log prob: 1210.743 (1213.198)	KLD: 23.084 (22.976)
[Epoch  94 (14.66s)]	ELBO: 1187.708 (1189.320)	Log prob: 1210.811 (1212.265)	KLD: 23.103 (22.944)
[Epoch  95 (14.20s)]	ELBO: 1187.850 (1189.611)	Log prob: 1210.959 (1212.518)	KLD: 23.109 (22.907)
[Epoch  96 (14.21s)]	ELBO: 1187.858 (1190.746)	Log prob: 1211.022 (1213.712)	KLD: 23.164 (22.966)
[Epoch  97 (14.47s)]	ELBO: 1188.123 (1190.212)	Log prob: 1211.297 (1212.884)	KLD: 23.174 (22.672)
[Epoch  98 (14.15s)]	ELBO: 1188.038 (1190.187)	Log prob: 1211.192 (1213.001)	KLD: 23.154 (22.814)
[Epoch  99 (14.14s)]	ELBO: 1188.382 (1189.252)	Log prob: 1211.542 (1212.086)	KLD: 23.160 (22.834)
[Epoch 100 (13.73s)]	ELBO: 1188.436 (1189.834)	Log prob: 1211.616 (1212.770)	KLD: 23.180 (22.936)
Best epoch(s): [96]	Training time(s): 1452.46s (1452.46s)	Best ELBO: 1188.436 (1190.746)	Best log prob: 1211.616 (1213.712)
Avg. mu: 0.688, -0.066, 0.824, 0.408, -0.105, 0.275, 0.193, 0.054, 0.706, 0.097
Avg. var: 0.012, 0.025, 0.007, 0.013, 0.077, 0.673, 0.070, 0.004, 1.222, 0.006
Max. mu: 3.612, 1.686, 2.458, 1.660, 3.184, 2.754, 3.287, 1.942, 2.573, 2.026
Max. var: 0.167, 0.078, 0.025, 0.078, 0.222, 2.482, 0.360, 0.049, 10.615, 0.021
Min. mu: -2.511, -3.682, -0.417, -1.596, -2.975, -2.769, -2.202, -2.114, -1.449, -1.750
Min. var: 0.003, 0.003, 0.001, 0.001, 0.010, 0.048, 0.003, 0.000, 0.111, 0.001
Cov. mu:
[[0.743 0.064 -0.027 -0.014 0.202 0.219 -0.226 0.341 -0.050 0.117]
 [0.064 0.250 0.013 0.052 0.100 0.078 0.135 0.019 -0.046 0.109]
 [-0.027 0.013 0.155 0.064 -0.005 -0.000 0.026 -0.011 -0.039 0.011]
 [-0.014 0.052 0.064 0.196 0.097 0.005 -0.013 0.021 0.022 0.021]
 [0.202 0.100 -0.005 0.097 0.650 0.274 0.231 0.169 -0.067 0.115]
 [0.219 0.078 -0.000 0.005 0.274 0.581 0.138 0.320 -0.327 0.083]
 [-0.226 0.135 0.026 -0.013 0.231 0.138 0.674 -0.046 -0.184 0.118]
 [0.341 0.019 -0.011 0.021 0.169 0.320 -0.046 0.460 -0.111 0.063]
 [-0.050 -0.046 -0.039 0.022 -0.067 -0.327 -0.184 -0.111 0.322 0.037]
 [0.117 0.109 0.011 0.021 0.115 0.083 0.118 0.063 0.037 0.309]]
Avg. mu: 0.150, -0.071, 0.152, 0.259, -0.219, -0.031, -0.063, -0.268, 0.189, -0.605
Avg. var: 0.011, 0.011, 0.006, 0.006, 0.038, 0.155, 0.016, 0.005, 0.692, 0.005
Max. mu: 4.418, 4.638, 3.848, 3.954, 4.552, 2.432, 4.832, 2.724, 2.521, 4.954
Max. var: 0.081, 0.084, 0.032, 0.042, 0.432, 1.538, 0.176, 0.048, 4.511, 0.070
Min. mu: -2.926, -3.681, -3.015, -3.698, -2.883, -3.330, -3.783, -3.521, -2.112, -3.640
Min. var: 0.001, 0.000, 0.000, 0.000, 0.000, 0.001, 0.000, 0.000, 0.036, 0.000
Cov. mu:
[[1.209 0.032 -0.134 0.495 -0.005 -0.073 0.070 0.235 -0.065 0.508]
 [0.032 1.062 -0.008 -0.021 0.019 -0.016 0.128 0.158 -0.002 -0.087]
 [-0.134 -0.008 1.335 -0.784 0.054 0.081 -0.120 0.369 0.041 0.473]
 [0.495 -0.021 -0.784 2.138 0.192 -0.104 0.144 -0.337 -0.062 0.353]
 [-0.005 0.019 0.054 0.192 0.874 0.172 -0.200 0.020 -0.031 -0.167]
 [-0.073 -0.016 0.081 -0.104 0.172 0.527 -0.056 -0.003 -0.209 0.179]
 [0.070 0.128 -0.120 0.144 -0.200 -0.056 1.362 -0.082 -0.161 0.420]
 [0.235 0.158 0.369 -0.337 0.020 -0.003 -0.082 0.975 0.156 0.125]
 [-0.065 -0.002 0.041 -0.062 -0.031 -0.209 -0.161 0.156 0.310 0.121]
 [0.508 -0.087 0.473 0.353 -0.167 0.179 0.420 0.125 0.121 1.969]]
